name: cvtpdf
channels:
  - conda-forge
  - defaults
dependencies:
  - boost-cpp=1.74.0=h5b4e17d_4
  - bzip2=1.0.8=h8ffe710_4
  - ca-certificates=2021.5.30=h5b45459_0
  - cairo=1.16.0=hb19e0ff_1008
  - font-ttf-dejavu-sans-mono=2.37=hab24e00_0
  - font-ttf-inconsolata=3.000=h77eed37_0
  - font-ttf-source-code-pro=2.038=h77eed37_0
  - font-ttf-ubuntu=0.83=hab24e00_0
  - fontconfig=2.13.1=h1989441_1005
  - fonts-conda-ecosystem=1=0
  - fonts-conda-forge=1=0
  - freetype=2.10.4=h546665d_1
  - gettext=0.19.8.1=h1a89ca6_1005
  - icu=68.1=h0e60522_0
  - jbig=2.1=h8d14728_2003
  - jpeg=9d=h8ffe710_0
  - krb5=1.19.2=hbae68bd_0
  - lcms2=2.12=h2a16943_0
  - lerc=2.2.1=h0e60522_0
  - libcurl=7.78.0=h789b8ee_0
  - libdeflate=1.7=h8ffe710_5
  - libffi=3.3=h0e60522_2
  - libglib=2.68.4=h1e62bf3_0
  - libiconv=1.16=he774522_0
  - libpng=1.6.37=h1d00b33_2
  - libssh2=1.9.0=h680486a_6
  - libtiff=4.3.0=h0c97f57_1
  - libxml2=2.9.12=hf5bbc77_0
  - lz4-c=1.9.3=h8ffe710_1
  - openjpeg=2.4.0=hb211442_1
  - openssl=1.1.1k=h8ffe710_1
  - pcre=8.45=h0e60522_0
  - pip=21.2.4=pyhd8ed1ab_0
  - pixman=0.40.0=h8ffe710_0
  - poppler=21.08.0=h24fffdf_1
  - poppler-data=0.4.10=0
  - python=3.8.0=hc9e8b01_5
  - python_abi=3.8=2_cp38
  - setuptools=57.4.0=py38haa244fe_0
  - sqlite=3.36.0=h8ffe710_0
  - tk=8.6.11=h8ffe710_0
  - ucrt=10.0.20348.0=h57928b3_0
  - vc=14.2=hb210afc_5
  - vs2015_runtime=14.29.30037=h902a5da_5
  - wheel=0.37.0=pyhd8ed1ab_1
  - xz=5.2.5=h62dcd97_1
  - zlib=1.2.11=h62dcd97_1010
  - zstd=1.5.0=h6255e5f_0
  - pip:
    - pdf2image==1.16.0
    - pillow==8.3.1
prefix: C:\Users\Keith\miniconda3\envs\cvtpdf
